0 [1.00e+00, 1.00e+00, 1.00e+00]
100 [8.57e-01, 1.07e+00, 8.60e-01]
200 [7.26e-01, 1.15e+00, 7.61e-01]
300 [6.21e-01, 1.21e+00, 6.93e-01]
400 [5.27e-01, 1.26e+00, 6.28e-01]
500 [4.37e-01, 1.30e+00, 5.68e-01]
600 [3.55e-01, 1.36e+00, 5.15e-01]
700 [2.88e-01, 1.42e+00, 4.68e-01]
800 [2.40e-01, 1.49e+00, 4.26e-01]
900 [2.10e-01, 1.57e+00, 3.90e-01]
1000 [1.97e-01, 1.67e+00, 3.58e-01]
1100 [1.97e-01, 1.77e+00, 3.29e-01]
1200 [2.06e-01, 1.89e+00, 3.02e-01]
1300 [2.22e-01, 2.00e+00, 2.77e-01]
1400 [2.41e-01, 2.12e+00, 2.54e-01]
1500 [2.58e-01, 2.24e+00, 2.33e-01]
1600 [2.73e-01, 2.35e+00, 2.15e-01]
1700 [2.83e-01, 2.46e+00, 2.00e-01]
1800 [2.90e-01, 2.58e+00, 1.87e-01]
1900 [2.96e-01, 2.69e+00, 1.77e-01]
2000 [3.01e-01, 2.80e+00, 1.68e-01]
2100 [3.06e-01, 2.92e+00, 1.62e-01]
2200 [3.11e-01, 3.03e+00, 1.57e-01]
2300 [3.15e-01, 3.15e+00, 1.55e-01]
2400 [3.19e-01, 3.26e+00, 1.53e-01]
2500 [3.25e-01, 3.37e+00, 1.52e-01]
2600 [3.32e-01, 3.48e+00, 1.50e-01]
2700 [3.39e-01, 3.59e+00, 1.47e-01]
2800 [3.44e-01, 3.71e+00, 1.45e-01]
2900 [3.49e-01, 3.82e+00, 1.42e-01]
3000 [3.53e-01, 3.93e+00, 1.39e-01]
3100 [3.57e-01, 4.05e+00, 1.36e-01]
3200 [3.61e-01, 4.16e+00, 1.34e-01]
3300 [3.65e-01, 4.28e+00, 1.33e-01]
3400 [3.69e-01, 4.40e+00, 1.31e-01]
3500 [3.73e-01, 4.52e+00, 1.29e-01]
3600 [3.78e-01, 4.63e+00, 1.27e-01]
3700 [3.82e-01, 4.75e+00, 1.25e-01]
3800 [3.87e-01, 4.87e+00, 1.23e-01]
3900 [3.91e-01, 4.99e+00, 1.22e-01]
4000 [3.97e-01, 5.10e+00, 1.21e-01]
4100 [4.05e-01, 5.22e+00, 1.20e-01]
4200 [4.11e-01, 5.34e+00, 1.25e-01]
4300 [4.17e-01, 5.45e+00, 1.25e-01]
4400 [4.22e-01, 5.57e+00, 1.22e-01]
4500 [4.26e-01, 5.69e+00, 1.20e-01]
4600 [4.31e-01, 5.81e+00, 1.18e-01]
4700 [4.36e-01, 5.93e+00, 1.17e-01]
4800 [4.41e-01, 6.05e+00, 1.15e-01]
4900 [4.46e-01, 6.17e+00, 1.14e-01]
5000 [4.51e-01, 6.29e+00, 1.12e-01]
5100 [4.55e-01, 6.41e+00, 1.11e-01]
5200 [4.59e-01, 6.52e+00, 1.09e-01]
5300 [4.64e-01, 6.64e+00, 1.08e-01]
5400 [4.68e-01, 6.76e+00, 1.07e-01]
5500 [4.72e-01, 6.88e+00, 1.06e-01]
5600 [4.75e-01, 6.99e+00, 1.05e-01]
5700 [4.79e-01, 7.11e+00, 1.04e-01]
5800 [4.82e-01, 7.23e+00, 1.03e-01]
5900 [4.85e-01, 7.35e+00, 1.02e-01]
6000 [4.89e-01, 7.46e+00, 1.01e-01]
6100 [4.96e-01, 7.58e+00, 9.79e-02]
6200 [4.97e-01, 7.69e+00, 9.27e-02]
6300 [5.07e-01, 7.80e+00, 9.60e-02]
6400 [5.17e-01, 7.91e+00, 9.80e-02]
6500 [5.24e-01, 8.02e+00, 9.55e-02]
6600 [5.30e-01, 8.14e+00, 9.37e-02]
6700 [5.36e-01, 8.25e+00, 9.28e-02]
6800 [5.42e-01, 8.37e+00, 9.32e-02]
6900 [5.50e-01, 8.49e+00, 9.47e-02]
7000 [5.59e-01, 8.61e+00, 9.69e-02]
7100 [5.67e-01, 8.73e+00, 9.96e-02]
7200 [5.76e-01, 8.85e+00, 1.03e-01]
7300 [5.86e-01, 8.98e+00, 1.06e-01]
7400 [5.98e-01, 9.11e+00, 1.12e-01]
7500 [6.13e-01, 9.24e+00, 1.21e-01]
7600 [6.48e-01, 9.38e+00, 2.12e-01]
7700 [7.39e-01, 9.56e+00, 3.84e-01]
7800 [1.00e+00, 9.80e+00, 7.50e-01]
7900 [1.22e+00, 1.00e+01, 9.96e-01]
8000 [1.39e+00, 1.02e+01, 1.17e+00]
8100 [1.54e+00, 1.04e+01, 1.32e+00]
8200 [1.66e+00, 1.05e+01, 1.44e+00]
8300 [1.78e+00, 1.07e+01, 1.55e+00]
8400 [1.91e+00, 1.08e+01, 1.66e+00]
8500 [2.03e+00, 1.09e+01, 1.75e+00]
8600 [2.16e+00, 1.10e+01, 1.84e+00]
8700 [2.30e+00, 1.11e+01, 1.92e+00]
8800 [2.43e+00, 1.13e+01, 2.00e+00]
8900 [2.57e+00, 1.14e+01, 2.07e+00]
9000 [2.71e+00, 1.15e+01, 2.14e+00]
9100 [2.84e+00, 1.16e+01, 2.21e+00]
9200 [2.97e+00, 1.17e+01, 2.27e+00]
9300 [3.10e+00, 1.18e+01, 2.32e+00]
9400 [3.23e+00, 1.18e+01, 2.38e+00]
9500 [3.38e+00, 1.19e+01, 2.42e+00]
9600 [3.54e+00, 1.20e+01, 2.47e+00]
9700 [3.70e+00, 1.21e+01, 2.51e+00]
9800 [3.84e+00, 1.22e+01, 2.55e+00]
9900 [3.98e+00, 1.23e+01, 2.59e+00]
10000 [4.11e+00, 1.23e+01, 2.62e+00]
10100 [4.23e+00, 1.24e+01, 2.66e+00]
10200 [4.36e+00, 1.25e+01, 2.69e+00]
10300 [4.48e+00, 1.26e+01, 2.72e+00]
10400 [4.59e+00, 1.26e+01, 2.74e+00]
10500 [4.70e+00, 1.27e+01, 2.76e+00]
10600 [4.81e+00, 1.28e+01, 2.78e+00]
10700 [4.92e+00, 1.28e+01, 2.80e+00]
10800 [5.02e+00, 1.29e+01, 2.81e+00]
10900 [5.12e+00, 1.30e+01, 2.83e+00]
11000 [5.22e+00, 1.30e+01, 2.84e+00]
11100 [5.32e+00, 1.31e+01, 2.84e+00]
11200 [5.42e+00, 1.32e+01, 2.85e+00]
11300 [5.51e+00, 1.32e+01, 2.85e+00]
11400 [5.60e+00, 1.33e+01, 2.85e+00]
11500 [5.69e+00, 1.34e+01, 2.85e+00]
11600 [5.78e+00, 1.34e+01, 2.85e+00]
11700 [5.87e+00, 1.35e+01, 2.85e+00]
11800 [5.96e+00, 1.35e+01, 2.84e+00]
11900 [6.04e+00, 1.36e+01, 2.84e+00]
12000 [6.12e+00, 1.37e+01, 2.83e+00]
12100 [6.20e+00, 1.37e+01, 2.83e+00]
12200 [6.28e+00, 1.38e+01, 2.82e+00]
12300 [6.36e+00, 1.38e+01, 2.82e+00]
12400 [6.44e+00, 1.39e+01, 2.81e+00]
12500 [6.52e+00, 1.39e+01, 2.80e+00]
12600 [6.59e+00, 1.40e+01, 2.80e+00]
12700 [6.67e+00, 1.40e+01, 2.79e+00]
12800 [6.74e+00, 1.41e+01, 2.78e+00]
12900 [6.82e+00, 1.41e+01, 2.78e+00]
13000 [6.89e+00, 1.42e+01, 2.77e+00]
13100 [6.96e+00, 1.42e+01, 2.76e+00]
13200 [7.03e+00, 1.43e+01, 2.76e+00]
13300 [7.11e+00, 1.43e+01, 2.76e+00]
13400 [7.18e+00, 1.43e+01, 2.75e+00]
13500 [7.25e+00, 1.44e+01, 2.75e+00]
13600 [7.32e+00, 1.44e+01, 2.75e+00]
13700 [7.39e+00, 1.45e+01, 2.74e+00]
13800 [7.46e+00, 1.45e+01, 2.74e+00]
13900 [7.53e+00, 1.45e+01, 2.74e+00]
14000 [7.59e+00, 1.46e+01, 2.73e+00]
14100 [7.66e+00, 1.46e+01, 2.73e+00]
14200 [7.73e+00, 1.46e+01, 2.72e+00]
14300 [7.79e+00, 1.46e+01, 2.72e+00]
14400 [7.86e+00, 1.47e+01, 2.72e+00]
14500 [7.92e+00, 1.47e+01, 2.72e+00]
14600 [7.99e+00, 1.47e+01, 2.71e+00]
14700 [8.05e+00, 1.47e+01, 2.71e+00]
14800 [8.11e+00, 1.48e+01, 2.71e+00]
14900 [8.17e+00, 1.48e+01, 2.70e+00]
15000 [8.23e+00, 1.48e+01, 2.70e+00]
15100 [8.29e+00, 1.48e+01, 2.70e+00]
15200 [8.35e+00, 1.48e+01, 2.70e+00]
15300 [8.40e+00, 1.48e+01, 2.70e+00]
15400 [8.46e+00, 1.48e+01, 2.70e+00]
15500 [8.51e+00, 1.48e+01, 2.69e+00]
15600 [8.57e+00, 1.49e+01, 2.69e+00]
15700 [8.62e+00, 1.49e+01, 2.69e+00]
15800 [8.67e+00, 1.49e+01, 2.69e+00]
15900 [8.72e+00, 1.49e+01, 2.69e+00]
16000 [8.77e+00, 1.49e+01, 2.69e+00]
16100 [8.82e+00, 1.49e+01, 2.69e+00]
16200 [8.87e+00, 1.49e+01, 2.69e+00]
16300 [8.91e+00, 1.49e+01, 2.69e+00]
16400 [8.96e+00, 1.49e+01, 2.69e+00]
16500 [9.00e+00, 1.49e+01, 2.68e+00]
16600 [9.04e+00, 1.49e+01, 2.68e+00]
16700 [9.09e+00, 1.49e+01, 2.68e+00]
16800 [9.13e+00, 1.49e+01, 2.68e+00]
16900 [9.17e+00, 1.49e+01, 2.68e+00]
17000 [9.21e+00, 1.49e+01, 2.68e+00]
17100 [9.24e+00, 1.49e+01, 2.68e+00]
17200 [9.28e+00, 1.49e+01, 2.68e+00]
17300 [9.32e+00, 1.49e+01, 2.68e+00]
17400 [9.35e+00, 1.49e+01, 2.68e+00]
17500 [9.38e+00, 1.49e+01, 2.68e+00]
17600 [9.41e+00, 1.50e+01, 2.68e+00]
17700 [9.44e+00, 1.50e+01, 2.68e+00]
17800 [9.47e+00, 1.50e+01, 2.68e+00]
17900 [9.50e+00, 1.50e+01, 2.68e+00]
18000 [9.52e+00, 1.50e+01, 2.68e+00]
18100 [9.55e+00, 1.50e+01, 2.68e+00]
18200 [9.57e+00, 1.50e+01, 2.68e+00]
18300 [9.59e+00, 1.50e+01, 2.68e+00]
18400 [9.61e+00, 1.50e+01, 2.68e+00]
18500 [9.63e+00, 1.50e+01, 2.67e+00]
18600 [9.65e+00, 1.50e+01, 2.67e+00]
18700 [9.67e+00, 1.50e+01, 2.67e+00]
18800 [9.69e+00, 1.50e+01, 2.67e+00]
18900 [9.70e+00, 1.50e+01, 2.67e+00]
19000 [9.72e+00, 1.50e+01, 2.67e+00]
19100 [9.73e+00, 1.50e+01, 2.67e+00]
19200 [9.75e+00, 1.50e+01, 2.67e+00]
19300 [9.76e+00, 1.50e+01, 2.67e+00]
19400 [9.77e+00, 1.50e+01, 2.67e+00]
19500 [9.78e+00, 1.50e+01, 2.67e+00]
19600 [9.79e+00, 1.50e+01, 2.67e+00]
19700 [9.80e+00, 1.50e+01, 2.67e+00]
19800 [9.81e+00, 1.50e+01, 2.67e+00]
19900 [9.82e+00, 1.50e+01, 2.67e+00]
20000 [9.82e+00, 1.50e+01, 2.67e+00]
20100 [9.83e+00, 1.50e+01, 2.67e+00]
20200 [9.84e+00, 1.50e+01, 2.67e+00]
20300 [9.84e+00, 1.50e+01, 2.67e+00]
20400 [9.85e+00, 1.50e+01, 2.67e+00]
20500 [9.86e+00, 1.50e+01, 2.67e+00]
20600 [9.86e+00, 1.50e+01, 2.67e+00]
20700 [9.87e+00, 1.50e+01, 2.67e+00]
20800 [9.87e+00, 1.50e+01, 2.67e+00]
20900 [9.87e+00, 1.50e+01, 2.67e+00]
21000 [9.88e+00, 1.50e+01, 2.67e+00]
21100 [9.88e+00, 1.50e+01, 2.67e+00]
21200 [9.89e+00, 1.50e+01, 2.67e+00]
21300 [9.89e+00, 1.50e+01, 2.67e+00]
21400 [9.89e+00, 1.50e+01, 2.67e+00]
21500 [9.90e+00, 1.50e+01, 2.67e+00]
21600 [9.90e+00, 1.50e+01, 2.67e+00]
21700 [9.90e+00, 1.50e+01, 2.67e+00]
21800 [9.91e+00, 1.50e+01, 2.67e+00]
21900 [9.91e+00, 1.50e+01, 2.67e+00]
22000 [9.91e+00, 1.50e+01, 2.67e+00]
22100 [9.91e+00, 1.50e+01, 2.67e+00]
22200 [9.91e+00, 1.50e+01, 2.67e+00]
22300 [9.92e+00, 1.50e+01, 2.67e+00]
22400 [9.92e+00, 1.50e+01, 2.67e+00]
22500 [9.92e+00, 1.50e+01, 2.67e+00]
22600 [9.92e+00, 1.50e+01, 2.67e+00]
22700 [9.92e+00, 1.50e+01, 2.67e+00]
22800 [9.93e+00, 1.50e+01, 2.67e+00]
22900 [9.93e+00, 1.50e+01, 2.67e+00]
23000 [9.93e+00, 1.50e+01, 2.67e+00]
23100 [9.93e+00, 1.50e+01, 2.67e+00]
23200 [9.93e+00, 1.50e+01, 2.67e+00]
23300 [9.93e+00, 1.50e+01, 2.67e+00]
23400 [9.93e+00, 1.50e+01, 2.67e+00]
23500 [9.93e+00, 1.50e+01, 2.67e+00]
23600 [9.94e+00, 1.50e+01, 2.67e+00]
23700 [9.94e+00, 1.50e+01, 2.67e+00]
23800 [9.94e+00, 1.50e+01, 2.67e+00]
23900 [9.94e+00, 1.50e+01, 2.67e+00]
24000 [9.94e+00, 1.50e+01, 2.67e+00]
24100 [9.94e+00, 1.50e+01, 2.67e+00]
24200 [9.94e+00, 1.50e+01, 2.67e+00]
24300 [9.94e+00, 1.50e+01, 2.67e+00]
24400 [9.94e+00, 1.50e+01, 2.67e+00]
24500 [9.94e+00, 1.50e+01, 2.67e+00]
24600 [9.95e+00, 1.50e+01, 2.67e+00]
24700 [9.95e+00, 1.50e+01, 2.67e+00]
24800 [9.95e+00, 1.50e+01, 2.67e+00]
24900 [9.95e+00, 1.50e+01, 2.67e+00]
25000 [9.95e+00, 1.50e+01, 2.67e+00]
25100 [9.95e+00, 1.50e+01, 2.67e+00]
25200 [9.95e+00, 1.50e+01, 2.67e+00]
25300 [9.95e+00, 1.50e+01, 2.67e+00]
25400 [9.95e+00, 1.50e+01, 2.67e+00]
25500 [9.95e+00, 1.50e+01, 2.67e+00]
25600 [9.95e+00, 1.50e+01, 2.67e+00]
25700 [9.95e+00, 1.50e+01, 2.67e+00]
25800 [9.95e+00, 1.50e+01, 2.67e+00]
25900 [9.95e+00, 1.50e+01, 2.67e+00]
26000 [9.95e+00, 1.50e+01, 2.67e+00]
26100 [9.96e+00, 1.50e+01, 2.67e+00]
26200 [9.96e+00, 1.50e+01, 2.67e+00]
26300 [9.96e+00, 1.50e+01, 2.67e+00]
26400 [9.96e+00, 1.50e+01, 2.67e+00]
26500 [9.96e+00, 1.50e+01, 2.67e+00]
26600 [9.96e+00, 1.50e+01, 2.67e+00]
26700 [9.96e+00, 1.50e+01, 2.67e+00]
26800 [9.96e+00, 1.50e+01, 2.67e+00]
26900 [9.96e+00, 1.50e+01, 2.67e+00]
27000 [9.96e+00, 1.50e+01, 2.67e+00]
27100 [9.96e+00, 1.50e+01, 2.67e+00]
27200 [9.96e+00, 1.50e+01, 2.67e+00]
27300 [9.96e+00, 1.50e+01, 2.67e+00]
27400 [9.96e+00, 1.50e+01, 2.67e+00]
27500 [9.96e+00, 1.50e+01, 2.67e+00]
27600 [9.96e+00, 1.50e+01, 2.67e+00]
27700 [9.96e+00, 1.50e+01, 2.67e+00]
27800 [9.96e+00, 1.50e+01, 2.67e+00]
27900 [9.96e+00, 1.50e+01, 2.67e+00]
28000 [9.96e+00, 1.50e+01, 2.67e+00]
28100 [9.96e+00, 1.50e+01, 2.67e+00]
28200 [9.96e+00, 1.50e+01, 2.67e+00]
28300 [9.96e+00, 1.50e+01, 2.67e+00]
28400 [9.96e+00, 1.50e+01, 2.67e+00]
28500 [9.96e+00, 1.50e+01, 2.67e+00]
28600 [9.96e+00, 1.50e+01, 2.67e+00]
28700 [9.96e+00, 1.50e+01, 2.67e+00]
28800 [9.96e+00, 1.50e+01, 2.67e+00]
28900 [9.96e+00, 1.50e+01, 2.67e+00]
29000 [9.96e+00, 1.50e+01, 2.67e+00]
29100 [9.96e+00, 1.50e+01, 2.67e+00]
29200 [9.96e+00, 1.50e+01, 2.67e+00]
29300 [9.96e+00, 1.50e+01, 2.67e+00]
29400 [9.96e+00, 1.50e+01, 2.67e+00]
29500 [9.97e+00, 1.50e+01, 2.67e+00]
29600 [9.97e+00, 1.50e+01, 2.67e+00]
29700 [9.97e+00, 1.50e+01, 2.67e+00]
29800 [9.97e+00, 1.50e+01, 2.67e+00]
29900 [9.97e+00, 1.50e+01, 2.67e+00]
30000 [9.97e+00, 1.50e+01, 2.67e+00]
30100 [9.97e+00, 1.50e+01, 2.67e+00]
30200 [9.97e+00, 1.50e+01, 2.67e+00]
30300 [9.97e+00, 1.50e+01, 2.67e+00]
30400 [9.97e+00, 1.50e+01, 2.67e+00]
30500 [9.97e+00, 1.50e+01, 2.67e+00]
30600 [9.97e+00, 1.50e+01, 2.67e+00]
30700 [9.97e+00, 1.50e+01, 2.67e+00]
30800 [9.97e+00, 1.50e+01, 2.67e+00]
30900 [9.97e+00, 1.50e+01, 2.67e+00]
31000 [9.97e+00, 1.50e+01, 2.67e+00]
31100 [9.97e+00, 1.50e+01, 2.67e+00]
31200 [9.97e+00, 1.50e+01, 2.67e+00]
31300 [9.97e+00, 1.50e+01, 2.67e+00]
31400 [9.97e+00, 1.50e+01, 2.67e+00]
31500 [9.97e+00, 1.50e+01, 2.67e+00]
31600 [9.97e+00, 1.50e+01, 2.67e+00]
31700 [9.97e+00, 1.50e+01, 2.67e+00]
31800 [9.97e+00, 1.50e+01, 2.67e+00]
31900 [9.97e+00, 1.50e+01, 2.67e+00]
32000 [9.97e+00, 1.50e+01, 2.67e+00]
32100 [9.97e+00, 1.50e+01, 2.67e+00]
32200 [9.97e+00, 1.50e+01, 2.67e+00]
32300 [9.97e+00, 1.50e+01, 2.67e+00]
32400 [9.97e+00, 1.50e+01, 2.67e+00]
32500 [9.97e+00, 1.50e+01, 2.67e+00]
32600 [9.97e+00, 1.50e+01, 2.67e+00]
32700 [9.97e+00, 1.50e+01, 2.67e+00]
32800 [9.97e+00, 1.50e+01, 2.67e+00]
32900 [9.97e+00, 1.50e+01, 2.67e+00]
33000 [9.97e+00, 1.50e+01, 2.67e+00]
33100 [9.97e+00, 1.50e+01, 2.67e+00]
33200 [9.97e+00, 1.50e+01, 2.67e+00]
33300 [9.97e+00, 1.50e+01, 2.67e+00]
33400 [9.97e+00, 1.50e+01, 2.67e+00]
33500 [9.97e+00, 1.50e+01, 2.67e+00]
33600 [9.97e+00, 1.50e+01, 2.67e+00]
33700 [9.97e+00, 1.50e+01, 2.67e+00]
33800 [9.97e+00, 1.50e+01, 2.67e+00]
33900 [9.97e+00, 1.50e+01, 2.67e+00]
34000 [9.97e+00, 1.50e+01, 2.67e+00]
34100 [9.97e+00, 1.50e+01, 2.67e+00]
34200 [9.97e+00, 1.50e+01, 2.67e+00]
34300 [9.97e+00, 1.50e+01, 2.67e+00]
34400 [9.97e+00, 1.50e+01, 2.67e+00]
34500 [9.97e+00, 1.50e+01, 2.67e+00]
34600 [9.97e+00, 1.50e+01, 2.67e+00]
34700 [9.97e+00, 1.50e+01, 2.67e+00]
34800 [9.97e+00, 1.50e+01, 2.67e+00]
34900 [9.97e+00, 1.50e+01, 2.67e+00]
35000 [9.97e+00, 1.50e+01, 2.67e+00]
35100 [9.97e+00, 1.50e+01, 2.67e+00]
35200 [9.97e+00, 1.50e+01, 2.67e+00]
35300 [9.97e+00, 1.50e+01, 2.67e+00]
35400 [9.97e+00, 1.50e+01, 2.67e+00]
35500 [9.97e+00, 1.50e+01, 2.67e+00]
35600 [9.97e+00, 1.50e+01, 2.67e+00]
35700 [9.97e+00, 1.50e+01, 2.67e+00]
35800 [9.97e+00, 1.50e+01, 2.67e+00]
35900 [9.97e+00, 1.50e+01, 2.67e+00]
36000 [9.97e+00, 1.50e+01, 2.67e+00]
36100 [9.97e+00, 1.50e+01, 2.67e+00]
36200 [9.97e+00, 1.50e+01, 2.67e+00]
36300 [9.97e+00, 1.50e+01, 2.67e+00]
36400 [9.97e+00, 1.50e+01, 2.67e+00]
36500 [9.97e+00, 1.50e+01, 2.67e+00]
36600 [9.97e+00, 1.50e+01, 2.67e+00]
36700 [9.97e+00, 1.50e+01, 2.67e+00]
36800 [9.97e+00, 1.50e+01, 2.67e+00]
36900 [9.97e+00, 1.50e+01, 2.67e+00]
37000 [9.97e+00, 1.50e+01, 2.67e+00]
37100 [9.97e+00, 1.50e+01, 2.67e+00]
37200 [9.97e+00, 1.50e+01, 2.67e+00]
37300 [9.97e+00, 1.50e+01, 2.67e+00]
37400 [9.97e+00, 1.50e+01, 2.67e+00]
37500 [9.97e+00, 1.50e+01, 2.67e+00]
37600 [9.97e+00, 1.50e+01, 2.67e+00]
37700 [9.97e+00, 1.50e+01, 2.67e+00]
37800 [9.97e+00, 1.50e+01, 2.67e+00]
37900 [9.97e+00, 1.50e+01, 2.67e+00]
38000 [9.97e+00, 1.50e+01, 2.67e+00]
38100 [9.97e+00, 1.50e+01, 2.67e+00]
38200 [9.97e+00, 1.50e+01, 2.67e+00]
38300 [9.97e+00, 1.50e+01, 2.67e+00]
38400 [9.97e+00, 1.50e+01, 2.67e+00]
38500 [9.97e+00, 1.50e+01, 2.67e+00]
38600 [9.97e+00, 1.50e+01, 2.67e+00]
38700 [9.97e+00, 1.50e+01, 2.67e+00]
38800 [9.97e+00, 1.50e+01, 2.67e+00]
38900 [9.97e+00, 1.50e+01, 2.67e+00]
39000 [9.97e+00, 1.50e+01, 2.67e+00]
39100 [9.97e+00, 1.50e+01, 2.67e+00]
39200 [9.97e+00, 1.50e+01, 2.67e+00]
39300 [9.97e+00, 1.50e+01, 2.67e+00]
39400 [9.97e+00, 1.50e+01, 2.67e+00]
39500 [9.97e+00, 1.50e+01, 2.67e+00]
39600 [9.97e+00, 1.50e+01, 2.67e+00]
39700 [9.97e+00, 1.50e+01, 2.67e+00]
39800 [9.97e+00, 1.50e+01, 2.67e+00]
39900 [9.97e+00, 1.50e+01, 2.67e+00]
40000 [9.97e+00, 1.50e+01, 2.67e+00]
40100 [9.97e+00, 1.50e+01, 2.67e+00]
40200 [9.97e+00, 1.50e+01, 2.67e+00]
40300 [9.97e+00, 1.50e+01, 2.67e+00]
40400 [9.97e+00, 1.50e+01, 2.67e+00]
40500 [9.97e+00, 1.50e+01, 2.67e+00]
40600 [9.97e+00, 1.50e+01, 2.67e+00]
40700 [9.97e+00, 1.50e+01, 2.67e+00]
40800 [9.97e+00, 1.50e+01, 2.67e+00]
40900 [9.97e+00, 1.50e+01, 2.67e+00]
41000 [9.97e+00, 1.50e+01, 2.67e+00]
41100 [9.97e+00, 1.50e+01, 2.67e+00]
41200 [9.97e+00, 1.50e+01, 2.67e+00]
41300 [9.97e+00, 1.50e+01, 2.67e+00]
41400 [9.98e+00, 1.50e+01, 2.67e+00]
41500 [9.97e+00, 1.50e+01, 2.67e+00]
41600 [9.97e+00, 1.50e+01, 2.67e+00]
41700 [9.98e+00, 1.50e+01, 2.67e+00]
41800 [9.97e+00, 1.50e+01, 2.67e+00]
41900 [9.97e+00, 1.50e+01, 2.67e+00]
42000 [9.97e+00, 1.50e+01, 2.67e+00]
42100 [9.98e+00, 1.50e+01, 2.67e+00]
42200 [9.97e+00, 1.50e+01, 2.67e+00]
42300 [9.98e+00, 1.50e+01, 2.67e+00]
42400 [9.97e+00, 1.50e+01, 2.67e+00]
42500 [9.98e+00, 1.50e+01, 2.67e+00]
42600 [9.98e+00, 1.50e+01, 2.67e+00]
42700 [9.98e+00, 1.50e+01, 2.67e+00]
42800 [9.98e+00, 1.50e+01, 2.67e+00]
42900 [9.97e+00, 1.50e+01, 2.67e+00]
43000 [9.98e+00, 1.50e+01, 2.67e+00]
43100 [9.98e+00, 1.50e+01, 2.67e+00]
43200 [9.98e+00, 1.50e+01, 2.67e+00]
43300 [9.98e+00, 1.50e+01, 2.67e+00]
43400 [9.98e+00, 1.50e+01, 2.67e+00]
43500 [9.98e+00, 1.50e+01, 2.67e+00]
43600 [9.98e+00, 1.50e+01, 2.67e+00]
43700 [9.98e+00, 1.50e+01, 2.67e+00]
43800 [9.98e+00, 1.50e+01, 2.67e+00]
43900 [9.98e+00, 1.50e+01, 2.67e+00]
44000 [9.98e+00, 1.50e+01, 2.67e+00]
44100 [9.98e+00, 1.50e+01, 2.67e+00]
44200 [9.98e+00, 1.50e+01, 2.67e+00]
44300 [9.98e+00, 1.50e+01, 2.67e+00]
44400 [9.98e+00, 1.50e+01, 2.67e+00]
44500 [9.98e+00, 1.50e+01, 2.67e+00]
44600 [9.98e+00, 1.50e+01, 2.67e+00]
44700 [9.98e+00, 1.50e+01, 2.67e+00]
44800 [9.98e+00, 1.50e+01, 2.67e+00]
44900 [9.98e+00, 1.50e+01, 2.67e+00]
45000 [9.98e+00, 1.50e+01, 2.67e+00]
45100 [9.98e+00, 1.50e+01, 2.67e+00]
45200 [9.98e+00, 1.50e+01, 2.67e+00]
45300 [9.98e+00, 1.50e+01, 2.67e+00]
45400 [9.98e+00, 1.50e+01, 2.67e+00]
45500 [9.98e+00, 1.50e+01, 2.67e+00]
45600 [9.98e+00, 1.50e+01, 2.67e+00]
45700 [9.98e+00, 1.50e+01, 2.67e+00]
45800 [9.98e+00, 1.50e+01, 2.67e+00]
45900 [9.98e+00, 1.50e+01, 2.67e+00]
46000 [9.98e+00, 1.50e+01, 2.67e+00]
46100 [9.98e+00, 1.50e+01, 2.67e+00]
46200 [9.98e+00, 1.50e+01, 2.67e+00]
46300 [9.98e+00, 1.50e+01, 2.67e+00]
46400 [9.98e+00, 1.50e+01, 2.67e+00]
46500 [9.98e+00, 1.50e+01, 2.67e+00]
46600 [9.98e+00, 1.50e+01, 2.67e+00]
46700 [9.98e+00, 1.50e+01, 2.67e+00]
46800 [9.98e+00, 1.50e+01, 2.67e+00]
46900 [9.98e+00, 1.50e+01, 2.67e+00]
47000 [9.98e+00, 1.50e+01, 2.67e+00]
47100 [9.98e+00, 1.50e+01, 2.67e+00]
47200 [9.98e+00, 1.50e+01, 2.67e+00]
47300 [9.98e+00, 1.50e+01, 2.67e+00]
47400 [9.98e+00, 1.50e+01, 2.67e+00]
47500 [9.98e+00, 1.50e+01, 2.67e+00]
47600 [9.98e+00, 1.50e+01, 2.67e+00]
47700 [9.98e+00, 1.50e+01, 2.67e+00]
47800 [9.98e+00, 1.50e+01, 2.67e+00]
47900 [9.98e+00, 1.50e+01, 2.67e+00]
48000 [9.98e+00, 1.50e+01, 2.67e+00]
48100 [9.98e+00, 1.50e+01, 2.67e+00]
48200 [9.98e+00, 1.50e+01, 2.67e+00]
48300 [9.98e+00, 1.50e+01, 2.67e+00]
48400 [9.98e+00, 1.50e+01, 2.67e+00]
48500 [9.98e+00, 1.50e+01, 2.67e+00]
48600 [9.98e+00, 1.50e+01, 2.67e+00]
48700 [9.98e+00, 1.50e+01, 2.67e+00]
48800 [9.98e+00, 1.50e+01, 2.67e+00]
48900 [9.98e+00, 1.50e+01, 2.67e+00]
49000 [9.98e+00, 1.50e+01, 2.67e+00]
49100 [9.98e+00, 1.50e+01, 2.67e+00]
49200 [9.98e+00, 1.50e+01, 2.67e+00]
49300 [9.98e+00, 1.50e+01, 2.67e+00]
49400 [9.98e+00, 1.50e+01, 2.67e+00]
49500 [9.98e+00, 1.50e+01, 2.67e+00]
49600 [9.98e+00, 1.50e+01, 2.67e+00]
49700 [9.98e+00, 1.50e+01, 2.67e+00]
49800 [9.98e+00, 1.50e+01, 2.67e+00]
49900 [9.98e+00, 1.50e+01, 2.67e+00]
50000 [9.98e+00, 1.50e+01, 2.67e+00]
50100 [9.98e+00, 1.50e+01, 2.67e+00]
50200 [9.98e+00, 1.50e+01, 2.67e+00]
50300 [9.98e+00, 1.50e+01, 2.67e+00]
50400 [9.98e+00, 1.50e+01, 2.67e+00]
50500 [9.98e+00, 1.50e+01, 2.67e+00]
50600 [9.98e+00, 1.50e+01, 2.67e+00]
50700 [9.98e+00, 1.50e+01, 2.67e+00]
50800 [9.98e+00, 1.50e+01, 2.67e+00]
50900 [9.98e+00, 1.50e+01, 2.67e+00]
51000 [9.98e+00, 1.50e+01, 2.67e+00]
51100 [9.98e+00, 1.50e+01, 2.67e+00]
51200 [9.98e+00, 1.50e+01, 2.67e+00]
51300 [9.98e+00, 1.50e+01, 2.67e+00]
51400 [9.98e+00, 1.50e+01, 2.67e+00]
51500 [9.98e+00, 1.50e+01, 2.67e+00]
51600 [9.98e+00, 1.50e+01, 2.67e+00]
51700 [9.98e+00, 1.50e+01, 2.67e+00]
51800 [9.98e+00, 1.50e+01, 2.67e+00]
51900 [9.98e+00, 1.50e+01, 2.67e+00]
52000 [9.98e+00, 1.50e+01, 2.67e+00]
52100 [9.98e+00, 1.50e+01, 2.67e+00]
52200 [9.98e+00, 1.50e+01, 2.67e+00]
52300 [9.98e+00, 1.50e+01, 2.67e+00]
52400 [9.98e+00, 1.50e+01, 2.67e+00]
52500 [9.98e+00, 1.50e+01, 2.67e+00]
52600 [9.98e+00, 1.50e+01, 2.67e+00]
52700 [9.98e+00, 1.50e+01, 2.67e+00]
52800 [9.98e+00, 1.50e+01, 2.67e+00]
52900 [9.98e+00, 1.50e+01, 2.67e+00]
53000 [9.98e+00, 1.50e+01, 2.67e+00]
53100 [9.98e+00, 1.50e+01, 2.67e+00]
53200 [9.98e+00, 1.50e+01, 2.67e+00]
53300 [9.98e+00, 1.50e+01, 2.67e+00]
53400 [9.98e+00, 1.50e+01, 2.67e+00]
53500 [9.98e+00, 1.50e+01, 2.67e+00]
53600 [9.98e+00, 1.50e+01, 2.67e+00]
53700 [9.98e+00, 1.50e+01, 2.67e+00]
53800 [9.98e+00, 1.50e+01, 2.67e+00]
53900 [9.98e+00, 1.50e+01, 2.67e+00]
54000 [9.98e+00, 1.50e+01, 2.67e+00]
54100 [9.98e+00, 1.50e+01, 2.67e+00]
54200 [9.98e+00, 1.50e+01, 2.67e+00]
54300 [9.98e+00, 1.50e+01, 2.67e+00]
54400 [9.98e+00, 1.50e+01, 2.67e+00]
54500 [9.98e+00, 1.50e+01, 2.67e+00]
54600 [9.98e+00, 1.50e+01, 2.67e+00]
54700 [9.98e+00, 1.50e+01, 2.67e+00]
54800 [9.98e+00, 1.50e+01, 2.67e+00]
54900 [9.98e+00, 1.50e+01, 2.67e+00]
55000 [9.98e+00, 1.50e+01, 2.67e+00]
55100 [9.98e+00, 1.50e+01, 2.67e+00]
55200 [9.98e+00, 1.50e+01, 2.67e+00]
55300 [9.98e+00, 1.50e+01, 2.67e+00]
55400 [9.98e+00, 1.50e+01, 2.67e+00]
55500 [9.98e+00, 1.50e+01, 2.67e+00]
55600 [9.98e+00, 1.50e+01, 2.67e+00]
55700 [9.98e+00, 1.50e+01, 2.67e+00]
55800 [9.98e+00, 1.50e+01, 2.67e+00]
55900 [9.98e+00, 1.50e+01, 2.67e+00]
56000 [9.98e+00, 1.50e+01, 2.67e+00]
56100 [9.98e+00, 1.50e+01, 2.67e+00]
56200 [9.98e+00, 1.50e+01, 2.67e+00]
56300 [9.98e+00, 1.50e+01, 2.67e+00]
56400 [9.98e+00, 1.50e+01, 2.67e+00]
56500 [9.98e+00, 1.50e+01, 2.67e+00]
56600 [9.98e+00, 1.50e+01, 2.67e+00]
56700 [9.98e+00, 1.50e+01, 2.67e+00]
56800 [9.98e+00, 1.50e+01, 2.67e+00]
56900 [9.98e+00, 1.50e+01, 2.67e+00]
57000 [9.98e+00, 1.50e+01, 2.67e+00]
57100 [9.98e+00, 1.50e+01, 2.67e+00]
57200 [9.98e+00, 1.50e+01, 2.67e+00]
57300 [9.98e+00, 1.50e+01, 2.67e+00]
57400 [9.98e+00, 1.50e+01, 2.67e+00]
57500 [9.98e+00, 1.50e+01, 2.67e+00]
57600 [9.98e+00, 1.50e+01, 2.67e+00]
57700 [9.98e+00, 1.50e+01, 2.67e+00]
57800 [9.98e+00, 1.50e+01, 2.67e+00]
57900 [9.98e+00, 1.50e+01, 2.67e+00]
58000 [9.98e+00, 1.50e+01, 2.67e+00]
58100 [9.98e+00, 1.50e+01, 2.67e+00]
58200 [9.98e+00, 1.50e+01, 2.67e+00]
58300 [9.98e+00, 1.50e+01, 2.67e+00]
58400 [9.98e+00, 1.50e+01, 2.67e+00]
58500 [9.98e+00, 1.50e+01, 2.67e+00]
58600 [9.98e+00, 1.50e+01, 2.67e+00]
58700 [9.98e+00, 1.50e+01, 2.67e+00]
58800 [9.98e+00, 1.50e+01, 2.67e+00]
58900 [9.98e+00, 1.50e+01, 2.67e+00]
59000 [9.98e+00, 1.50e+01, 2.67e+00]
59100 [9.98e+00, 1.50e+01, 2.67e+00]
59200 [9.98e+00, 1.50e+01, 2.67e+00]
59300 [9.98e+00, 1.50e+01, 2.67e+00]
59400 [9.98e+00, 1.50e+01, 2.67e+00]
59500 [9.98e+00, 1.50e+01, 2.67e+00]
59600 [9.98e+00, 1.50e+01, 2.67e+00]
59700 [9.98e+00, 1.50e+01, 2.67e+00]
59800 [9.98e+00, 1.50e+01, 2.67e+00]
59900 [9.98e+00, 1.50e+01, 2.67e+00]
60000 [9.98e+00, 1.50e+01, 2.67e+00]
60100 [9.98e+00, 1.50e+01, 2.67e+00]
60200 [9.98e+00, 1.50e+01, 2.67e+00]
60300 [9.98e+00, 1.50e+01, 2.67e+00]
60400 [9.98e+00, 1.50e+01, 2.67e+00]
60500 [9.98e+00, 1.50e+01, 2.67e+00]
60600 [9.98e+00, 1.50e+01, 2.67e+00]
60700 [9.98e+00, 1.50e+01, 2.67e+00]
60800 [9.98e+00, 1.50e+01, 2.67e+00]
60900 [9.98e+00, 1.50e+01, 2.67e+00]
61000 [9.98e+00, 1.50e+01, 2.67e+00]
61100 [9.98e+00, 1.50e+01, 2.67e+00]
61200 [9.98e+00, 1.50e+01, 2.67e+00]
61300 [9.98e+00, 1.50e+01, 2.67e+00]
61400 [9.98e+00, 1.50e+01, 2.67e+00]
61500 [9.98e+00, 1.50e+01, 2.67e+00]
61600 [9.98e+00, 1.50e+01, 2.67e+00]
61700 [9.98e+00, 1.50e+01, 2.67e+00]
61800 [9.98e+00, 1.50e+01, 2.67e+00]
61900 [9.98e+00, 1.50e+01, 2.67e+00]
62000 [9.98e+00, 1.50e+01, 2.67e+00]
62100 [9.98e+00, 1.50e+01, 2.67e+00]
62200 [9.98e+00, 1.50e+01, 2.67e+00]
62300 [9.98e+00, 1.50e+01, 2.67e+00]
62400 [9.98e+00, 1.50e+01, 2.67e+00]
62500 [9.98e+00, 1.50e+01, 2.67e+00]
62600 [9.98e+00, 1.50e+01, 2.67e+00]
62700 [9.98e+00, 1.50e+01, 2.67e+00]
62800 [9.98e+00, 1.50e+01, 2.67e+00]
62900 [9.98e+00, 1.50e+01, 2.67e+00]
63000 [9.98e+00, 1.50e+01, 2.67e+00]
63100 [9.98e+00, 1.50e+01, 2.67e+00]
63200 [9.98e+00, 1.50e+01, 2.67e+00]
63300 [9.98e+00, 1.50e+01, 2.67e+00]
63400 [9.98e+00, 1.50e+01, 2.67e+00]
63500 [9.98e+00, 1.50e+01, 2.67e+00]
63600 [9.98e+00, 1.50e+01, 2.67e+00]
63700 [9.98e+00, 1.50e+01, 2.67e+00]
63800 [9.98e+00, 1.50e+01, 2.67e+00]
63900 [9.98e+00, 1.50e+01, 2.67e+00]
64000 [9.98e+00, 1.50e+01, 2.67e+00]
64100 [9.98e+00, 1.50e+01, 2.67e+00]
64200 [9.98e+00, 1.50e+01, 2.67e+00]
64300 [9.98e+00, 1.50e+01, 2.67e+00]
64400 [9.98e+00, 1.50e+01, 2.67e+00]
64500 [9.98e+00, 1.50e+01, 2.67e+00]
64600 [9.98e+00, 1.50e+01, 2.67e+00]
64700 [9.98e+00, 1.50e+01, 2.67e+00]
64800 [9.98e+00, 1.50e+01, 2.67e+00]
64900 [9.98e+00, 1.50e+01, 2.67e+00]
65000 [9.98e+00, 1.50e+01, 2.67e+00]
65100 [9.98e+00, 1.50e+01, 2.67e+00]
65200 [9.98e+00, 1.50e+01, 2.67e+00]
65300 [9.98e+00, 1.50e+01, 2.67e+00]
65400 [9.98e+00, 1.50e+01, 2.67e+00]
65500 [9.98e+00, 1.50e+01, 2.67e+00]
65600 [9.98e+00, 1.50e+01, 2.67e+00]
65700 [9.98e+00, 1.50e+01, 2.67e+00]
65800 [9.98e+00, 1.50e+01, 2.67e+00]
65900 [9.98e+00, 1.50e+01, 2.67e+00]
66000 [9.98e+00, 1.50e+01, 2.67e+00]
66100 [9.98e+00, 1.50e+01, 2.67e+00]
66200 [9.98e+00, 1.50e+01, 2.67e+00]
66300 [9.98e+00, 1.50e+01, 2.67e+00]
66400 [9.98e+00, 1.50e+01, 2.67e+00]
66500 [9.98e+00, 1.50e+01, 2.67e+00]
66600 [9.98e+00, 1.50e+01, 2.67e+00]
66700 [9.98e+00, 1.50e+01, 2.67e+00]
66800 [9.98e+00, 1.50e+01, 2.67e+00]
66900 [9.98e+00, 1.50e+01, 2.67e+00]
67000 [9.98e+00, 1.50e+01, 2.67e+00]
67100 [9.98e+00, 1.50e+01, 2.67e+00]
67200 [9.98e+00, 1.50e+01, 2.67e+00]
67300 [9.98e+00, 1.50e+01, 2.67e+00]
67400 [9.98e+00, 1.50e+01, 2.67e+00]
67500 [9.98e+00, 1.50e+01, 2.67e+00]
67600 [9.98e+00, 1.50e+01, 2.67e+00]
67700 [9.98e+00, 1.50e+01, 2.67e+00]
67800 [9.98e+00, 1.50e+01, 2.67e+00]
67900 [9.98e+00, 1.50e+01, 2.67e+00]
68000 [9.98e+00, 1.50e+01, 2.67e+00]
68100 [9.98e+00, 1.50e+01, 2.67e+00]
68200 [9.98e+00, 1.50e+01, 2.67e+00]
68300 [9.98e+00, 1.50e+01, 2.67e+00]
68400 [9.98e+00, 1.50e+01, 2.67e+00]
68500 [9.98e+00, 1.50e+01, 2.67e+00]
68600 [9.98e+00, 1.50e+01, 2.67e+00]
68700 [9.98e+00, 1.50e+01, 2.67e+00]
68800 [9.98e+00, 1.50e+01, 2.67e+00]
68900 [9.98e+00, 1.50e+01, 2.67e+00]
69000 [9.98e+00, 1.50e+01, 2.67e+00]
69100 [9.98e+00, 1.50e+01, 2.67e+00]
69200 [9.98e+00, 1.50e+01, 2.67e+00]
69300 [9.98e+00, 1.50e+01, 2.67e+00]
69400 [9.98e+00, 1.50e+01, 2.67e+00]
69500 [9.98e+00, 1.50e+01, 2.67e+00]
69600 [9.98e+00, 1.50e+01, 2.67e+00]
69700 [9.98e+00, 1.50e+01, 2.67e+00]
69800 [9.98e+00, 1.50e+01, 2.67e+00]
69900 [9.98e+00, 1.50e+01, 2.67e+00]
70000 [9.98e+00, 1.50e+01, 2.67e+00]
70100 [9.98e+00, 1.50e+01, 2.67e+00]
70200 [9.98e+00, 1.50e+01, 2.67e+00]
70300 [9.98e+00, 1.50e+01, 2.67e+00]
70400 [9.98e+00, 1.50e+01, 2.67e+00]
70500 [9.98e+00, 1.50e+01, 2.67e+00]
70600 [9.98e+00, 1.50e+01, 2.67e+00]
70700 [9.98e+00, 1.50e+01, 2.67e+00]
70800 [9.98e+00, 1.50e+01, 2.67e+00]
70900 [9.98e+00, 1.50e+01, 2.67e+00]
71000 [9.98e+00, 1.50e+01, 2.67e+00]
71100 [9.98e+00, 1.50e+01, 2.67e+00]
71200 [9.98e+00, 1.50e+01, 2.67e+00]
71300 [9.98e+00, 1.50e+01, 2.67e+00]
71400 [9.98e+00, 1.50e+01, 2.67e+00]
71500 [9.98e+00, 1.50e+01, 2.67e+00]
71600 [9.98e+00, 1.50e+01, 2.67e+00]
71700 [9.98e+00, 1.50e+01, 2.67e+00]
71800 [9.98e+00, 1.50e+01, 2.67e+00]
71900 [9.98e+00, 1.50e+01, 2.67e+00]
72000 [9.98e+00, 1.50e+01, 2.67e+00]
72100 [9.98e+00, 1.50e+01, 2.67e+00]
72200 [9.98e+00, 1.50e+01, 2.67e+00]
72300 [9.98e+00, 1.50e+01, 2.67e+00]
72400 [9.98e+00, 1.50e+01, 2.67e+00]
72500 [9.98e+00, 1.50e+01, 2.67e+00]
72600 [9.98e+00, 1.50e+01, 2.67e+00]
72700 [9.98e+00, 1.50e+01, 2.67e+00]
72800 [9.98e+00, 1.50e+01, 2.67e+00]
72900 [9.98e+00, 1.50e+01, 2.67e+00]
73000 [9.98e+00, 1.50e+01, 2.67e+00]
73100 [9.98e+00, 1.50e+01, 2.67e+00]
73200 [9.98e+00, 1.50e+01, 2.67e+00]
73300 [9.98e+00, 1.50e+01, 2.67e+00]
73400 [9.98e+00, 1.50e+01, 2.67e+00]
73500 [9.98e+00, 1.50e+01, 2.67e+00]
73600 [9.98e+00, 1.50e+01, 2.67e+00]
73700 [9.98e+00, 1.50e+01, 2.67e+00]
73800 [9.98e+00, 1.50e+01, 2.67e+00]
73900 [9.98e+00, 1.50e+01, 2.67e+00]
74000 [9.98e+00, 1.50e+01, 2.67e+00]
74100 [9.98e+00, 1.50e+01, 2.67e+00]
74200 [9.98e+00, 1.50e+01, 2.67e+00]
74300 [9.98e+00, 1.50e+01, 2.67e+00]
74400 [9.98e+00, 1.50e+01, 2.67e+00]
74500 [9.98e+00, 1.50e+01, 2.67e+00]
74600 [9.98e+00, 1.50e+01, 2.67e+00]
74700 [9.98e+00, 1.50e+01, 2.67e+00]
74800 [9.98e+00, 1.50e+01, 2.67e+00]
74900 [9.98e+00, 1.50e+01, 2.67e+00]
75000 [9.98e+00, 1.50e+01, 2.67e+00]
75100 [9.98e+00, 1.50e+01, 2.67e+00]
75200 [9.98e+00, 1.50e+01, 2.67e+00]
75300 [9.98e+00, 1.50e+01, 2.67e+00]
75400 [9.98e+00, 1.50e+01, 2.67e+00]
75500 [9.98e+00, 1.50e+01, 2.67e+00]
75600 [9.98e+00, 1.50e+01, 2.67e+00]
75700 [9.98e+00, 1.50e+01, 2.67e+00]
75800 [9.98e+00, 1.50e+01, 2.67e+00]
75900 [9.98e+00, 1.50e+01, 2.67e+00]
76000 [9.98e+00, 1.50e+01, 2.67e+00]
76100 [9.98e+00, 1.50e+01, 2.67e+00]
76200 [9.98e+00, 1.50e+01, 2.67e+00]
76300 [9.98e+00, 1.50e+01, 2.67e+00]
76400 [9.98e+00, 1.50e+01, 2.67e+00]
76500 [9.98e+00, 1.50e+01, 2.67e+00]
76600 [9.98e+00, 1.50e+01, 2.67e+00]
76700 [9.98e+00, 1.50e+01, 2.67e+00]
76800 [9.98e+00, 1.50e+01, 2.67e+00]
76900 [9.98e+00, 1.50e+01, 2.67e+00]
77000 [9.98e+00, 1.50e+01, 2.67e+00]
77100 [9.98e+00, 1.50e+01, 2.67e+00]
77200 [9.98e+00, 1.50e+01, 2.67e+00]
77300 [9.98e+00, 1.50e+01, 2.67e+00]
77400 [9.98e+00, 1.50e+01, 2.67e+00]
77500 [9.98e+00, 1.50e+01, 2.67e+00]
77600 [9.98e+00, 1.50e+01, 2.67e+00]
77700 [9.98e+00, 1.50e+01, 2.67e+00]
77800 [9.98e+00, 1.50e+01, 2.67e+00]
77900 [9.98e+00, 1.50e+01, 2.67e+00]
78000 [9.98e+00, 1.50e+01, 2.67e+00]
78100 [9.98e+00, 1.50e+01, 2.67e+00]
78200 [9.98e+00, 1.50e+01, 2.67e+00]
78300 [9.98e+00, 1.50e+01, 2.67e+00]
78400 [9.98e+00, 1.50e+01, 2.67e+00]
78500 [9.98e+00, 1.50e+01, 2.67e+00]
78600 [9.98e+00, 1.50e+01, 2.67e+00]
78700 [9.98e+00, 1.50e+01, 2.67e+00]
78800 [9.98e+00, 1.50e+01, 2.67e+00]
78900 [9.98e+00, 1.50e+01, 2.67e+00]
79000 [9.98e+00, 1.50e+01, 2.67e+00]
79100 [9.98e+00, 1.50e+01, 2.67e+00]
79200 [9.98e+00, 1.50e+01, 2.67e+00]
79300 [9.98e+00, 1.50e+01, 2.67e+00]
79400 [9.98e+00, 1.50e+01, 2.67e+00]
79500 [9.98e+00, 1.50e+01, 2.67e+00]
79600 [9.98e+00, 1.50e+01, 2.67e+00]
79700 [9.98e+00, 1.50e+01, 2.67e+00]
79800 [9.98e+00, 1.50e+01, 2.67e+00]
79900 [9.98e+00, 1.50e+01, 2.67e+00]
80000 [9.98e+00, 1.50e+01, 2.67e+00]
80100 [9.98e+00, 1.50e+01, 2.67e+00]
80200 [9.98e+00, 1.50e+01, 2.67e+00]
80300 [9.98e+00, 1.50e+01, 2.67e+00]
80400 [9.98e+00, 1.50e+01, 2.67e+00]
80500 [9.98e+00, 1.50e+01, 2.67e+00]
80600 [9.98e+00, 1.50e+01, 2.67e+00]
80700 [9.98e+00, 1.50e+01, 2.67e+00]
80800 [9.98e+00, 1.50e+01, 2.67e+00]
80900 [9.98e+00, 1.50e+01, 2.67e+00]
81000 [9.98e+00, 1.50e+01, 2.67e+00]
81100 [9.98e+00, 1.50e+01, 2.67e+00]
81200 [9.98e+00, 1.50e+01, 2.67e+00]
81300 [9.98e+00, 1.50e+01, 2.67e+00]
81400 [9.98e+00, 1.50e+01, 2.67e+00]
81500 [9.98e+00, 1.50e+01, 2.67e+00]
81600 [9.98e+00, 1.50e+01, 2.67e+00]
81700 [9.98e+00, 1.50e+01, 2.67e+00]
81800 [9.98e+00, 1.50e+01, 2.67e+00]
81900 [9.98e+00, 1.50e+01, 2.67e+00]
82000 [9.98e+00, 1.50e+01, 2.67e+00]
82100 [9.98e+00, 1.50e+01, 2.67e+00]
82200 [9.98e+00, 1.50e+01, 2.67e+00]
82300 [9.98e+00, 1.50e+01, 2.67e+00]
82400 [9.98e+00, 1.50e+01, 2.67e+00]
82500 [9.98e+00, 1.50e+01, 2.67e+00]
82600 [9.98e+00, 1.50e+01, 2.67e+00]
82700 [9.98e+00, 1.50e+01, 2.67e+00]
82800 [9.98e+00, 1.50e+01, 2.67e+00]
82900 [9.98e+00, 1.50e+01, 2.67e+00]
83000 [9.98e+00, 1.50e+01, 2.67e+00]
83100 [9.98e+00, 1.50e+01, 2.67e+00]
83200 [9.98e+00, 1.50e+01, 2.67e+00]
83300 [9.98e+00, 1.50e+01, 2.67e+00]
83400 [9.98e+00, 1.50e+01, 2.67e+00]
83500 [9.98e+00, 1.50e+01, 2.67e+00]
83600 [9.98e+00, 1.50e+01, 2.67e+00]
83700 [9.98e+00, 1.50e+01, 2.67e+00]
83800 [9.98e+00, 1.50e+01, 2.67e+00]
83900 [9.98e+00, 1.50e+01, 2.67e+00]
84000 [9.98e+00, 1.50e+01, 2.67e+00]
84100 [9.98e+00, 1.50e+01, 2.67e+00]
84200 [9.98e+00, 1.50e+01, 2.67e+00]
84300 [9.98e+00, 1.50e+01, 2.67e+00]
84400 [9.98e+00, 1.50e+01, 2.67e+00]
84500 [9.98e+00, 1.50e+01, 2.67e+00]
84600 [9.98e+00, 1.50e+01, 2.67e+00]
84700 [9.98e+00, 1.50e+01, 2.67e+00]
84800 [9.98e+00, 1.50e+01, 2.67e+00]
84900 [9.98e+00, 1.50e+01, 2.67e+00]
85000 [9.98e+00, 1.50e+01, 2.67e+00]
85100 [9.98e+00, 1.50e+01, 2.67e+00]
85200 [9.98e+00, 1.50e+01, 2.67e+00]
85300 [9.98e+00, 1.50e+01, 2.67e+00]
85400 [9.98e+00, 1.50e+01, 2.67e+00]
85500 [9.98e+00, 1.50e+01, 2.67e+00]
85600 [9.98e+00, 1.50e+01, 2.67e+00]
85700 [9.98e+00, 1.50e+01, 2.67e+00]
85800 [9.98e+00, 1.50e+01, 2.67e+00]
85900 [9.98e+00, 1.50e+01, 2.67e+00]
86000 [9.98e+00, 1.50e+01, 2.67e+00]
86100 [9.98e+00, 1.50e+01, 2.67e+00]
86200 [9.98e+00, 1.50e+01, 2.67e+00]
86300 [9.98e+00, 1.50e+01, 2.67e+00]
86400 [9.98e+00, 1.50e+01, 2.67e+00]
86500 [9.98e+00, 1.50e+01, 2.67e+00]
86600 [9.98e+00, 1.50e+01, 2.67e+00]
86700 [9.98e+00, 1.50e+01, 2.67e+00]
86800 [9.98e+00, 1.50e+01, 2.67e+00]
86900 [9.98e+00, 1.50e+01, 2.67e+00]
87000 [9.98e+00, 1.50e+01, 2.67e+00]
87100 [9.98e+00, 1.50e+01, 2.67e+00]
87200 [9.98e+00, 1.50e+01, 2.67e+00]
87300 [9.98e+00, 1.50e+01, 2.67e+00]
87400 [9.98e+00, 1.50e+01, 2.67e+00]
87500 [9.98e+00, 1.50e+01, 2.67e+00]
87600 [9.98e+00, 1.50e+01, 2.67e+00]
87700 [9.98e+00, 1.50e+01, 2.67e+00]
87800 [9.98e+00, 1.50e+01, 2.67e+00]
87900 [9.98e+00, 1.50e+01, 2.67e+00]
88000 [9.98e+00, 1.50e+01, 2.67e+00]
88100 [9.98e+00, 1.50e+01, 2.67e+00]
88200 [9.98e+00, 1.50e+01, 2.67e+00]
88300 [9.98e+00, 1.50e+01, 2.67e+00]
88400 [9.98e+00, 1.50e+01, 2.67e+00]
88500 [9.98e+00, 1.50e+01, 2.67e+00]
88600 [9.98e+00, 1.50e+01, 2.67e+00]
88700 [9.98e+00, 1.50e+01, 2.67e+00]
88800 [9.98e+00, 1.50e+01, 2.67e+00]
88900 [9.98e+00, 1.50e+01, 2.67e+00]
89000 [9.98e+00, 1.50e+01, 2.67e+00]
89100 [9.98e+00, 1.50e+01, 2.67e+00]
89200 [9.98e+00, 1.50e+01, 2.67e+00]
89300 [9.98e+00, 1.50e+01, 2.67e+00]
89400 [9.98e+00, 1.50e+01, 2.67e+00]
89500 [9.98e+00, 1.50e+01, 2.67e+00]
89600 [9.98e+00, 1.50e+01, 2.67e+00]
89700 [9.98e+00, 1.50e+01, 2.67e+00]
89800 [9.98e+00, 1.50e+01, 2.67e+00]
89900 [9.98e+00, 1.50e+01, 2.67e+00]
90000 [9.98e+00, 1.50e+01, 2.67e+00]
